timeStamp,elapsed,label,responseCode,responseMessage,threadName,dataType,success,failureMessage,bytes,sentBytes,grpThreads,allThreads,URL,Latency,IdleTime,Connect
1660105966994,968,Blog Home,200,OK,Thread Group 1-1,text,true,,52301,133,1,1,https://sriramkukkadapu.blogspot.com/,852,0,543
1660105967968,1274,Blog Testing jobs page,200,OK,Thread Group 1-1,text,true,,1011370,152,1,1,https://sriramkukkadapu.blogspot.com/p/testing-jobs.html,875,0,0
1660105969243,509,Blog HR jobs page,200,OK,Thread Group 1-1,text,true,,88890,147,1,1,https://sriramkukkadapu.blogspot.com/p/hr-jobs.html,323,0,0
1660105969753,848,Blog Home,200,OK,Thread Group 1-1,text,true,,52301,133,1,1,https://sriramkukkadapu.blogspot.com/,811,0,0
1660105970602,838,Blog Testing jobs page,200,OK,Thread Group 1-1,text,true,,1011362,152,1,1,https://sriramkukkadapu.blogspot.com/p/testing-jobs.html,503,0,0
1660105971441,520,Blog HR jobs page,200,OK,Thread Group 1-1,text,true,,88890,147,1,1,https://sriramkukkadapu.blogspot.com/p/hr-jobs.html,479,0,0
1660105971962,819,Blog Home,200,OK,Thread Group 1-1,text,true,,52301,133,1,1,https://sriramkukkadapu.blogspot.com/,789,0,0
1660105972783,828,Blog Testing jobs page,200,OK,Thread Group 1-1,text,true,,1011362,152,1,1,https://sriramkukkadapu.blogspot.com/p/testing-jobs.html,506,0,0
1660105973612,768,Blog HR jobs page,200,OK,Thread Group 1-1,text,true,,88890,147,1,1,https://sriramkukkadapu.blogspot.com/p/hr-jobs.html,545,0,0
1660105974382,613,Blog Home,200,OK,Thread Group 1-1,text,true,,52301,133,1,1,https://sriramkukkadapu.blogspot.com/,611,0,0
1660105974995,1100,Blog Testing jobs page,200,OK,Thread Group 1-1,text,true,,1011362,152,1,1,https://sriramkukkadapu.blogspot.com/p/testing-jobs.html,710,0,0
1660105976096,625,Blog HR jobs page,200,OK,Thread Group 1-1,text,true,,88890,147,1,1,https://sriramkukkadapu.blogspot.com/p/hr-jobs.html,400,0,0
1660105976722,777,Blog Home,200,OK,Thread Group 1-1,text,true,,52301,133,1,1,https://sriramkukkadapu.blogspot.com/,769,0,0
1660105977500,942,Blog Testing jobs page,200,OK,Thread Group 1-1,text,true,,1011362,152,1,1,https://sriramkukkadapu.blogspot.com/p/testing-jobs.html,620,0,0
1660105978443,552,Blog HR jobs page,200,OK,Thread Group 1-1,text,true,,88890,147,1,1,https://sriramkukkadapu.blogspot.com/p/hr-jobs.html,339,0,0
1660105978996,769,Blog Home,200,OK,Thread Group 1-1,text,true,,52301,133,1,1,https://sriramkukkadapu.blogspot.com/,740,0,0
1660105979766,957,Blog Testing jobs page,200,OK,Thread Group 1-1,text,true,,1011362,152,1,1,https://sriramkukkadapu.blogspot.com/p/testing-jobs.html,653,0,0
1660105980724,538,Blog HR jobs page,200,OK,Thread Group 1-1,text,true,,88890,147,1,1,https://sriramkukkadapu.blogspot.com/p/hr-jobs.html,334,0,0
1660105981264,814,Blog Home,200,OK,Thread Group 1-1,text,true,,52301,133,1,1,https://sriramkukkadapu.blogspot.com/,775,0,0
1660105982079,1057,Blog Testing jobs page,200,OK,Thread Group 1-1,text,true,,1011362,152,1,1,https://sriramkukkadapu.blogspot.com/p/testing-jobs.html,516,0,0
1660105983137,539,Blog HR jobs page,200,OK,Thread Group 1-1,text,true,,88890,147,1,1,https://sriramkukkadapu.blogspot.com/p/hr-jobs.html,353,0,0
1660105983677,782,Blog Home,200,OK,Thread Group 1-1,text,true,,52498,133,1,1,https://sriramkukkadapu.blogspot.com/,751,0,0
1660105984460,1599,Blog Testing jobs page,200,OK,Thread Group 1-1,text,false,"The operation lasted too long: It took 1,599 milliseconds, but should not have lasted longer than 1,500 milliseconds.",1011362,152,1,1,https://sriramkukkadapu.blogspot.com/p/testing-jobs.html,776,0,0
1660105986061,527,Blog HR jobs page,200,OK,Thread Group 1-1,text,true,,88890,147,1,1,https://sriramkukkadapu.blogspot.com/p/hr-jobs.html,502,0,0
1660105986589,1158,Blog Home,200,OK,Thread Group 1-1,text,true,,52301,133,1,1,https://sriramkukkadapu.blogspot.com/,811,0,0
1660105987748,796,Blog Testing jobs page,200,OK,Thread Group 1-1,text,true,,1011362,152,1,1,https://sriramkukkadapu.blogspot.com/p/testing-jobs.html,342,0,0
1660105988545,623,Blog HR jobs page,200,OK,Thread Group 1-1,text,true,,88890,147,1,1,https://sriramkukkadapu.blogspot.com/p/hr-jobs.html,579,0,0
1660105989169,733,Blog Home,200,OK,Thread Group 1-1,text,true,,52301,133,1,1,https://sriramkukkadapu.blogspot.com/,703,0,0
1660105989903,948,Blog Testing jobs page,200,OK,Thread Group 1-1,text,true,,1011362,152,1,1,https://sriramkukkadapu.blogspot.com/p/testing-jobs.html,589,0,0
1660105990852,529,Blog HR jobs page,200,OK,Thread Group 1-1,text,true,,88890,147,1,1,https://sriramkukkadapu.blogspot.com/p/hr-jobs.html,421,0,0
